5 0.289062 0.898237 0.182291 0.203526
5 0.050000 0.431891 0.100000 0.174680
5 0.057292 0.616988 0.114583 0.201923
5 0.068750 0.864583 0.137500 0.264423
5 0.155729 0.326923 0.098958 0.141026
5 0.166146 0.463942 0.107292 0.158654
5 0.180729 0.661058 0.132292 0.232372
5 0.264062 0.355770 0.101041 0.128205
5 0.277083 0.506411 0.112500 0.195513
5 0.572395 0.400641 0.484375 0.769230
5 0.590625 0.857372 0.166666 0.278846
5 0.824479 0.398237 0.101042 0.197116
5 0.863021 0.834135 0.161458 0.283654
5 0.917708 0.665865 0.137500 0.235577
5 0.932813 0.512821 0.123959 0.166667