4 0.295625 0.473660 0.091250 0.121355
4 0.336250 0.451552 0.100000 0.062088
4 0.307812 0.471307 0.030625 0.139229
4 0.325313 0.584195 0.029375 0.075259
4 0.345625 0.449671 0.045000 0.077140
4 0.350625 0.576199 0.037500 0.091251
4 0.366875 0.562558 0.053750 0.052681
4 0.354063 0.504704 0.020625 0.059266
4 0.370000 0.691909 0.047500 0.091251
4 0.385625 0.679210 0.052500 0.139229
4 0.395625 0.570555 0.052500 0.117592
4 0.403125 0.646755 0.057500 0.115711
4 0.405937 0.470837 0.034375 0.100659
4 0.430312 0.594544 0.080625 0.095955
4 0.470000 0.510818 0.140000 0.067733
4 0.441250 0.703668 0.053750 0.060207
4 0.495000 0.596896 0.146250 0.115711
4 0.495625 0.781279 0.097500 0.130762
4 0.494375 0.649577 0.065000 0.036689
4 0.517813 0.564910 0.066875 0.040451
4 0.536563 0.597366 0.073125 0.071496
4 0.582812 0.775635 0.131875 0.031044
4 0.564688 0.800094 0.085625 0.032926
4 0.570000 0.705080 0.093750 0.121354
4 0.587187 0.694732 0.084375 0.123236
4 0.577500 0.591722 0.035000 0.086547
4 0.626875 0.615710 0.115000 0.064911
4 0.603750 0.703669 0.063750 0.097836
4 0.598750 0.834901 0.051250 0.047978
4 0.594062 0.515522 0.034375 0.146754
4 0.631250 0.535747 0.047500 0.113829
4 0.674063 0.705080 0.081875 0.113828
4 0.680625 0.667921 0.092500 0.067732
4 0.674375 0.538570 0.056250 0.040452
4 0.725000 0.612888 0.145000 0.068674
4 0.705937 0.607714 0.078125 0.144873
4 0.739688 0.689087 0.118125 0.140169
4 0.750312 0.724365 0.085625 0.146754
4 0.750938 0.748824 0.071875 0.105362
4 0.793438 0.745531 0.066875 0.115711
4 0.890625 0.570555 0.135000 0.102540
4 0.873438 0.527281 0.071875 0.038570