4 0.559063 0.943333 0.571875 0.111667
4 0.535937 0.657916 0.373125 0.500833
4 0.546250 0.483750 0.205000 0.422500
4 0.537813 0.385000 0.100625 0.093334
4 0.575313 0.279583 0.088125 0.075833
4 0.606250 0.772083 0.090000 0.237500
4 0.655938 0.345000 0.135625 0.320000
4 0.649375 0.186667 0.110000 0.210000
4 0.712813 0.819583 0.205625 0.177500
4 0.694063 0.672500 0.093125 0.161666
4 0.743750 0.503750 0.120000 0.299166
4 0.743125 0.332500 0.106250 0.456666
4 0.759687 0.657084 0.098125 0.230833
4 0.853438 0.542084 0.205625 0.914167
4 0.912813 0.463750 0.089375 0.485834
4 0.948125 0.816250 0.102500 0.260834
4 0.955625 0.463750 0.063750 0.130834
4 0.961562 0.700833 0.075625 0.185000
4 0.972500 0.582083 0.053750 0.142500