4 0.037891 0.723437 0.075781 0.286459
4 0.052344 0.517188 0.104687 0.203125
4 0.101172 0.797396 0.094532 0.403125
4 0.115625 0.548438 0.123438 0.213541
4 0.175000 0.724480 0.148438 0.284375
4 0.183984 0.474479 0.107031 0.169792
4 0.265234 0.781771 0.227344 0.434375
4 0.188281 0.278125 0.060937 0.250000
4 0.230859 0.286459 0.103907 0.333333
4 0.354297 0.710417 0.310156 0.139583
4 0.296875 0.523958 0.117188 0.325000
4 0.324219 0.464063 0.148438 0.455209
4 0.413672 0.504167 0.094532 0.354167
4 0.460547 0.839583 0.188282 0.137500