4 0.631250 0.485834 0.245000 0.138333
4 0.603750 0.585417 0.126250 0.090833
4 0.623437 0.546250 0.160625 0.082500
4 0.595000 0.660417 0.077500 0.082500
4 0.784062 0.742917 0.430625 0.134167
4 0.665625 0.638333 0.126250 0.101667
4 0.821562 0.809167 0.355625 0.101667
4 0.743750 0.613750 0.156250 0.140834
4 0.776563 0.495000 0.214375 0.141666
4 0.857813 0.610833 0.283125 0.146667
4 0.850625 0.925416 0.201250 0.120833
4 0.842812 0.563750 0.129375 0.069166
4 0.840313 0.437084 0.061875 0.119167
4 0.866563 0.642083 0.098125 0.077500
4 0.918438 0.526667 0.161875 0.046667
4 0.944375 0.572500 0.110000 0.096666
4 0.956562 0.922083 0.085625 0.120833
4 0.981875 0.530000 0.035000 0.053334