4 0.235938 0.086458 0.062500 0.097917
4 0.221875 0.043750 0.018750 0.066666
4 0.246094 0.159375 0.029688 0.035416
4 0.345313 0.040625 0.206250 0.081250
4 0.275000 0.114583 0.025000 0.050000
4 0.322656 0.117708 0.117188 0.081250
4 0.377344 0.123959 0.076562 0.152083
4 0.367188 0.019792 0.034375 0.039583
4 0.407813 0.129166 0.081250 0.133333
4 0.509375 0.056250 0.025000 0.054166
4 0.512500 0.017708 0.018750 0.035417
4 0.537500 0.019792 0.028124 0.039583
4 0.626562 0.047917 0.134375 0.095833
4 0.583594 0.082292 0.042188 0.097917
4 0.642188 0.148958 0.118751 0.052083
4 0.600000 0.043750 0.031250 0.037500
4 0.648438 0.112500 0.075001 0.041666
4 0.673438 0.067709 0.112500 0.052083
4 0.734375 0.072917 0.143750 0.137500
4 0.746093 0.035417 0.042187 0.066667