4 0.344375 0.807500 0.116250 0.098334
4 0.378437 0.838333 0.101875 0.070000
4 0.498750 0.628750 0.233750 0.302500
4 0.517813 0.806250 0.256875 0.379166
4 0.587812 0.887500 0.329375 0.223334
4 0.647500 0.668334 0.422500 0.413333
4 0.522500 0.924167 0.046250 0.150000
4 0.576250 0.811666 0.120000 0.093333
4 0.757812 0.590833 0.483125 0.265000
4 0.719062 0.503750 0.325625 0.129166
4 0.737812 0.665834 0.223125 0.133333
4 0.763750 0.425417 0.148750 0.137500
4 0.800312 0.844167 0.183125 0.310000
4 0.788125 0.464167 0.141250 0.105000
4 0.827500 0.543750 0.186250 0.142500
4 0.885625 0.743333 0.181250 0.105000