0 0.316875 0.437500 0.228750 0.146666
0 0.290313 0.596666 0.146875 0.168333
0 0.330313 0.335000 0.149375 0.203334
0 0.325937 0.663333 0.106875 0.153333
0 0.366563 0.328750 0.093125 0.215834
0 0.395625 0.660417 0.107500 0.262500
0 0.396250 0.715417 0.106250 0.247500
0 0.458750 0.305417 0.078750 0.227500
0 0.483437 0.704584 0.120625 0.290833
0 0.524687 0.310833 0.101875 0.193333
0 0.573750 0.374584 0.182500 0.199167
0 0.603750 0.410000 0.233750 0.201666
0 0.573125 0.712083 0.150000 0.240833
0 0.616875 0.632917 0.232500 0.227500