3 0.281250 0.780000 0.202500 0.220000
3 0.323750 0.461666 0.227500 0.236667
3 0.348750 0.656667 0.232500 0.286667
3 0.386250 0.261667 0.097500 0.150000
3 0.427500 0.316667 0.105000 0.126667
3 0.475000 0.485000 0.190000 0.223334
3 0.476250 0.238333 0.087500 0.110000
3 0.537500 0.675000 0.200000 0.216666
3 0.517500 0.316666 0.105000 0.106667
3 0.596250 0.481667 0.222500 0.190000
3 0.567500 0.263333 0.100000 0.146667
3 0.642500 0.620000 0.185000 0.273334
3 0.615000 0.333334 0.100000 0.186667
3 0.720000 0.465000 0.200000 0.216666
3 0.771250 0.606666 0.177500 0.266667